0,526
0,523
0,521
0,513
0,319
0,318
0,313
0,312
0,308
0,306
0,304
0,302
0,274
0,510
0,509
0,508
0,507
0,506
0,504
0,503
0,493
272,35
8,16
45,19
45,18
45,17
45,16
45,15
45,14
45,13
45,12
45,11
45,10
45,9
45,8
45,7
45,6
45,5
45,4
45,1
43,16
43,15
43,14
43,13
43,12
43,11
43,10
43,9
43,8
43,7
43,6
43,5
43,4
43,1
42,41
42,40
42,39
42,38
42,37
42,36
42,35
42,34
42,33
42,32
42,31
42,30
42,29
42,28
42,27
42,26
42,25
42,24
42,23
42,22
42,21
42,20
42,19
42,18
42,17
42,16
42,15
42,14
42,13
42,12
42,11
42,10
42,9
42,8
42,7
42,6
42,5
42,4
42,1
40,62
40,61
40,60
40,59
40,58
40,57
40,56
40,55
40,54
40,53
40,52
40,51
40,50
40,49
40,48
40,47
40,46
40,45
40,1
25,7
25,6
25,5
25,4
25,3
25,1
20,3
20,2
20,1
19,2
19,3
19,1
14,17
14,11
12,3
12,2
12,1
11,27
11,25
11,23
11,20
11,19
11,18
11,9
11,5
11,3
11,2
11,1
10,302
10,273
10,264
10,232
10,219
10,211
10,174
10,161
10,159
10,156
10,151
18,1
10,147
18,3
10,92
10,71
10,3
14,1
10,2
14,6
10,1
9,7
14,3
9,6
9,5
9,4
9,3
13,1
9,2
13,3
9,1
8,18
8,15
8,13
8,12
8,11
8,10
8,9
8,8
8,7
8,5
8,3
8,2
8,1
3,3
3,2
3,1
2,2
2,3
2,1
0,462
0,456
0,390
0,0
